malha3D.msh

inedge =

     9    11    14     1     3
     9    10    11     1     2
    10    11    14    17     1
     9    10    14    21     1
    10    11    13     2    24
     9    10    13     2    18
     9    11    13     4     2
     9    12    14     3    19
    11    12    14    20     3
     9    11    12     3     4
    11    12    13     4    23
     9    12    13    22     4
     5     9    12     5    22
     8     9    12    19     5
     5     9    13    22     6
     6     9    13     6    18
     7     9    14    21     7
     8     9    14     7    19
     3    11    14     8    17
     4    11    14    20     8
     8    12    14    19     9
     4    12    14     9    20
     7     9    10    10    21
     6     9    10    18    10
     4    11    12    11    20
     1    11    12    23    11
     7    10    14    12    21
     3    10    14    17    12
     1    11    13    13    23
     2    11    13    24    13
     6    10    13    18    14
     2    10    13    14    24
     1    12    13    23    15
     5    12    13    15    22
     3    10    11    16    17
     2    10    11    24    16



# TERMOS DE DIFUSÃO CRUZADA DE CADA FACE

     DJI       DJK
    0.0000    0.0000
    0.0000   -0.0000
    0.1667   -0.1667
    0.1666    0.3333
   -0.1667    0.1667
   -0.1667   -0.3333
    0.0000    0.0000
   -0.1667   -0.3333
    0.1667    0.3334
    0.0000    0.0000
   -0.1667   -0.3334
    0.1667    0.3333
   -0.1666   -0.3333
    0.1667    0.3333
    0.1667    0.3333
   -0.1667   -0.3333
    0.1667    0.3333
   -0.1667   -0.3333
   -0.1667   -0.3334
    0.1667    0.3333
    0.1667    0.3333
   -0.1667   -0.3334
   -0.1667   -0.3333
    0.1667    0.3333
   -0.1667   -0.3333
    0.1667    0.3333
   -0.1667   -0.3333
    0.1667    0.3333
   -0.1667   -0.3333
    0.1667    0.3333
    0.1667    0.3333
   -0.1667   -0.3333
    0.1667    0.3333
   -0.1667   -0.3333
   -0.1667   -0.3333
    0.1666    0.3333


# ALTURAS DOS CENTRÓIDES A ESQUERDA E A DIREITA

      hL        hR
    0.1250    0.1250
    0.1250    0.1250
    0.1443    0.1443
    0.1443    0.1443
    0.1443    0.1443
    0.1443    0.1443
    0.1250    0.1250
    0.1443    0.1443
    0.1443    0.1443
    0.1250    0.1250
    0.1443    0.1443
    0.1443    0.1443
    0.1443    0.1443
    0.1443    0.1443
    0.1443    0.1443
    0.1443    0.1443
    0.1443    0.1443
    0.1444    0.1443
    0.1443    0.1443
    0.1443    0.1443
    0.1443    0.1443
    0.1443    0.1443
    0.1443    0.1443
    0.1443    0.1444
    0.1443    0.1443
    0.1443    0.1443
    0.1443    0.1443
    0.1443    0.1443
    0.1443    0.1443
    0.1443    0.1443
    0.1443    0.1443
    0.1443    0.1443
    0.1443    0.1443
    0.1443    0.1444
    0.1443    0.1443
    0.1443    0.1443


# ÁREAS DE CADA FACE (NORMA DAS NORMAIS)

      N
    0.2500
    0.2500
    0.2165
    0.2165
    0.2165
    0.2165
    0.2500
    0.2165
    0.2165
    0.2500
    0.2165
    0.2165
    0.2165
    0.2165
    0.2165
    0.2165
    0.2165
    0.2165
    0.2165
    0.2165
    0.2165
    0.2165
    0.2165
    0.2165
    0.2165
    0.2165
    0.2165
    0.2165
    0.2165
    0.2165
    0.2165
    0.2165
    0.2165
    0.2165
    0.2165
    0.2165


# PROJEÇÕES TANGENCIAIS DO TENSOR DE PERMEABILIDADE

   KTJIL KTJKL KTJIR KTJKR
     0     0     0     0
     0     0     0     0
     0     0     0     0
     0     0     0     0
     0     0     0     0
     0     0     0     0
     0     0     0     0
     0     0     0     0
     0     0     0     0
     0     0     0     0
     0     0     0     0
     0     0     0     0
     0     0     0     0
     0     0     0     0
     0     0     0     0
     0     0     0     0
     0     0     0     0
     0     0     0     0
     0     0     0     0
     0     0     0     0
     0     0     0     0
     0     0     0     0
     0     0     0     0
     0     0     0     0
     0     0     0     0
     0     0     0     0
     0     0     0     0
     0     0     0     0
     0     0     0     0
     0     0     0     0
     0     0     0     0
     0     0     0     0
     0     0     0     0
     0     0     0     0
     0     0     0     0
     0     0     0     0